1000000000101000
0000000000101011
1000000000011100
0000000000011000
1000000000110001
0000000000110000
0000000000001011
1000000000010000
1000000000110001
0000000000110010
1000000000001001
0000000000000100
1000000000101010
0000000000100111
0000000000011101
1000000000100001
1000000000101101
0000000000101111
1000000000010011
0000000000001110
1000000000101111
0000000000101101
0000000000010100
1000000000011001
1000000000110010
0000000000110010
0000000000000001
1000000000000110
1000000000100100
0000000000100000
0000000000100101
1000000000101000
